50000
50025
50050
50075
50100
50125
50150
50175
50200
50225
50250
50275
50300
50325
50350
50375
50400
50425
50450
50475
50500
50525
50550
50575
50600
50625
50650
50675
50700
50725
50750
50775
50800
50825
50850
50875
50900
50925
50950
50975
51000
51025
51050
51075
51100
51125
51150
51175
51200
51225
51250
51275
51300
51325
51350
51375
51400
51425
51450
51475
51500
51525
51550
51575
51600
51625
51650
51675
51700
51725
51750
51775
51800
51825
51850
51875
51900
51925
51950
51975
52000
52025
52050
52075
52100
52125
52150
52175
52200
52225
52250
52275
52300
52325
52350
52375
52400
52425
52450
52475
52500
52525
52550
52575
52600
52625
52650
52675
52700
52725
52750
52775
52800
52825
52850
52875
52900
52925
52950
52975
53000
53025
53050
53075
53100
53125
53150
53175
53200
53225
53250
53275
53300
53325
53350
53375
53400
53425
53450
53475
53500
53525
53550
53575
53600
53625
53650
53675
53700
53725
53750
53775
53800
53825
53850
53875
53900
53925
53950
53975
54000
54025
54050
54075
54100
54125
54150
54175
54200
54225
54250
54275
54300
54325
54350
54375
54400
54425
54450
54475
54500
54525
54550
54575
54600
54625
54650
54675
54700
54725
54750
54775
54800
54825
54850
54875
54900
54925
54950
54975
55000
55025
55050
55075
55100
55125
55150
55175
55200
55225
55250
55275
55300
55325
55350
55375
55400
55425
55450
55475
55500
55525
55550
55575
55600
55625
55650
55675
55700
55725
55750
55775
55800
55825
55850
55875
55900
55925
55950
55975
56000
56025
56050
56075
56100
56125
56150
56175
56200
56225
56250
56275
56300
56325
56350
56375
56400
56425
56450
56475
56500
56525
56550
56575
56600
56625
56650
56675
56700
56725
56750
56775
56800
56825
56850
56875
56900
56925
56950
56975
57000
57025
57050
57075
57100
57125
57150
57175
57200
57225
57250
57275
57300
57325
57350
57375
57400
57425
57450
57475
57500
57525
57550
57575
57600
57625
57650
57675
57700
57725
57750
57775
57800
57825
57850
57875
57900
57925
57950
57975
58000
58025
58050
58075
58100
58125
58150
58175
58200
58225
58250
58275
58300
58325
58350
58375
58400
58425
58450
58475
58500
58525
58550
58575
58600
58625
58650
58675
58700
58725
58750
58775
58800
58825
58850
58875
58900
58925
58950
58975
59000
59025
59050
59075
59100
59125
59150
59175
59200
59225
59250
59275
59300
59325
59350
59375
59400
59425
59450
59475
59500
59525
59550
59575
59600
59625
59650
59675
59700
59725
59750
59775
59800
59825
59850
59875
59900
59925
59950
59975
60000
60025
60050
60075
60100
60125
60150
60175
60200
60225
60250
60275
60300
60325
60350
60375
60400
60425
60450
60475
60500
60525
60550
60575
60600
60625
60650
60675
60700
60725
60750
60775
60800
60825
60850
60875
60900
60925
60950
60975
61000
61025
61050
61075
61100
61125
61150
61175
61200
61225
61250
61275
61300
61325
61350
61375
61400
61425
61450
61475
61500
61525
61550
61575
61600
61625
61650
61675
61700
61725
61750
61775
61800
61825
61850
61875
61900
61925
61950
61975
62000
62025
62050
62075
62100
62125
62150
62175
62200
62225
62250
62275
62300
62325
62350
62375
62400
62425
62450
62475
62500
62525
62550
62575
62600
62625
62650
62675
62700
62725
62750
62775
62800
62825
62850
62875
62900
62925
62950
62975
63000
63025
63050
63075
63100
63125
63150
63175
63200
63225
63250
63275
63300
63325
63350
63375
63400
63425
63450
63475
63500
63525
63550
63575
63600
63625
63650
63675
63700
63725
63750
63775
63800
63825
63850
63875
63900
63925
63950
63975
64000
64025
64050
64075
64100
64125
64150
64175
64200
64225
64250
64275
64300
64325
64350
64375
64400
64425
64450
64475
64500
64525
64550
64575
64600
64625
64650
64675
64700
64725
64750
64775
64800
64825
64850
64875
64900
64925
64950
64975
65000
65025
65050
65075
65100
65125
65150
65175
65200
65225
65250
65275
65300
65325
65350
65375
65400
65425
65450
65475
65500
65525
65550
65575
65600
65625
65650
65675
65700
65725
65750
65775
65800
65825
65850
65875
65900
65925
65950
65975
66000
66025
66050
66075
66100
66125
66150
66175
66200
66225
66250
66275
66300
66325
66350
66375
66400
66425
66450
66475
66500
66525
66550
66575
66600
66625
66650
66675
66700
66725
66750
66775
66800
66825
66850
66875
66900
66925
66950
66975
67000
67025
67050
67075
67100
67125
67150
67175
67200
67225
67250
67275
67300
67325
67350
67375
67400
67425
67450
67475
67500
67525
67550
67575
67600
67625
67650
67675
67700
67725
67750
67775
67800
67825
67850
67875
67900
67925
67950
67975
68000
68025
68050
68075
68100
68125
68150
68175
68200
68225
68250
68275
68300
68325
68350
68375
68400
68425
68450
68475
68500
68525
68550
68575
68600
68625
68650
68675
68700
68725
68750
68775
68800
68825
68850
68875
68900
68925
68950
68975
69000
69025
69050
69075
69100
69125
69150
69175
69200
69225
69250
69275
69300
69325
69350
69375
69400
69425
69450
69475
69500
69525
69550
69575
69600
69625
69650
69675
69700
69725
69750
69775
69800
69825
69850
69875
69900
69925
69950
69975
70000
70025
70050
70075
70100
70125
70150
70175
70200
70225
70250
70275
70300
70325
70350
70375
70400
70425
70450
70475
70500
70525
70550
70575
70600
70625
70650
70675
70700
70725
70750
70775
70800
70825
70850
70875
70900
70925
70950
70975
71000
71025
71050
71075
71100
71125
71150
71175
71200
71225
71250
71275
71300
71325
71350
71375
71400
71425
71450
71475
71500
71525
71550
71575
71600
71625
71650
71675
71700
71725
71750
71775
71800
71825
71850
71875
71900
71925
71950
71975
72000
72025
72050
72075
72100
72125
72150
72175
72200
72225
72250
72275
72300
72325
72350
72375
72400
72425
72450
72475
72500
72525
72550
72575
72600
72625
72650
72675
72700
72725
72750
72775
72800
72825
72850
72875
72900
72925
72950
72975
73000
73025
73050
73075
73100
73125
73150
73175
73200
73225
73250
73275
73300
73325
73350
73375
73400
73425
73450
73475
73500
73525
73550
73575
73600
73625
73650
73675
73700
73725
73750
73775
73800
73825
73850
73875
73900
73925
73950
73975
74000
74025
74050
74075
74100
74125
74150
74175
74200
74225
74250
74275
74300
74325
74350
74375
74400
74425
74450
74475
74500
74525
74550
74575
74600
74625
74650
74675
74700
74725
74750
74775
74800
74825
74850
74875
74900
74925
74950
74975
75000
75025
75050
75075
75100
75125
75150
75175
75200
75225
75250
75275
75300
75325
75350
75375
75400
75425
75450
75475
75500
75525
75550
75575
75600
75625
75650
75675
75700
75725
75750
75775
75800
75825
75850
75875
75900
75925
75950
75975
76000
76025
76050
76075
76100
76125
76150
76175
76200
76225
76250
76275
76300
76325
76350
76375
76400
76425
76450
76475
76500
76525
76550
76575
76600
76625
76650
76675
76700
76725
76750
76775
76800
76825
76850
76875
76900
76925
76950
76975
77000
77025
77050
77075
77100
77125
77150
77175
77200
77225
77250
77275
77300
77325
77350
77375
77400
77425
77450
77475
77500
77525
77550
77575
77600
77625
77650
77675
77700
77725
77750
77775
77800
77825
77850
77875
77900
77925
77950
77975
78000
78025
78050
78075
78100
78125
78150
78175
78200
78225
78250
78275
78300
78325
78350
78375
78400
78425
78450
78475
78500
78525
78550
78575
78600
78625
78650
78675
78700
78725
78750
78775
78800
78825
78850
78875
78900
78925
78950
78975
79000
79025
79050
79075
79100
79125
79150
79175
79200
79225
79250
79275
79300
79325
79350
79375
79400
79425
79450
79475
79500
79525
79550
79575
79600
79625
79650
79675
79700
79725
79750
79775
79800
79825
79850
79875
79900
79925
79950
79975
80000
80025
80050
80075
80100
80125
80150
80175
80200
80225
80250
80275
80300
80325
80350
80375
80400
80425
80450
80475
80500
80525
80550
80575
80600
80625
80650
80675
80700
80725
80750
80775
80800
80825
80850
80875
80900
80925
80950
80975
81000
81025
81050
81075
81100
81125
81150
81175
81200
81225
81250
81275
81300
81325
81350
81375
81400
81425
81450
81475
81500
81525
81550
81575
81600
81625
81650
81675
81700
81725
81750
81775
81800
81825
81850
81875
81900
81925
81950
81975
82000
82025
82050
82075
82100
82125
82150
82175
82200
82225
82250
82275
82300
82325
82350
82375
82400
82425
82450
82475
82500
82525
82550
82575
82600
82625
82650
82675
82700
82725
82750
82775
82800
82825
82850
82875
82900
82925
82950
82975
83000
83025
83050
83075
83100
83125
83150
83175
83200
83225
83250
83275
83300
83325
83350
83375
83400
83425
83450
83475
83500
83525
83550
83575
83600
83625
83650
83675
83700
83725
83750
83775
83800
83825
83850
83875
83900
83925
83950
83975
84000
84025
84050
84075
84100
84125
84150
84175
84200
84225
84250
84275
84300
84325
84350
84375
84400
84425
84450
84475
84500
84525
84550
84575
84600
84625
84650
84675
84700
84725
84750
84775
84800
84825
84850
84875
84900
84925
84950
84975
85000
85025
85050
85075
85100
85125
85150
85175
85200
85225
85250
85275
85300
85325
85350
85375
85400
85425
85450
85475
85500
85525
85550
85575
85600
85625
85650
85675
85700
85725
85750
85775
85800
85825
85850
85875
85900
85925
85950
85975
86000
86025
86050
86075
86100
86125
86150
86175
86200
86225
86250
86275
86300
86325
86350
86375
86400
86425
86450
86475
86500
86525
86550
86575
86600
86625
86650
86675
86700
86725
86750
86775
86800
86825
86850
86875
86900
86925
86950
86975
87000
87025
87050
87075
87100
87125
87150
87175
87200
87225
87250
87275
87300
87325
87350
87375
87400
87425
87450
87475
87500
87525
87550
87575
87600
87625
87650
87675
87700
87725
87750
87775
87800
87825
87850
87875
87900
87925
87950
87975
88000
88025
88050
88075
88100
88125
88150
88175
88200
88225
88250
88275
88300
88325
88350
88375
88400
88425
88450
88475
88500
88525
88550
88575
88600
88625
88650
88675
88700
88725
88750
88775
88800
88825
88850
88875
88900
88925
88950
88975
89000
89025
89050
89075
89100
89125
89150
89175
89200
89225
89250
89275
89300
89325
89350
89375
89400
89425
89450
89475
89500
89525
89550
89575
89600
89625
89650
89675
89700
89725
89750
89775
89800
89825
89850
89875
89900
89925
89950
89975
90000
90025
90050
90075
90100
90125
90150
90175
90200
90225
90250
90275
90300
90325
90350
90375
90400
90425
90450
90475
90500
90525
90550
90575
90600
90625
90650
90675
90700
90725
90750
90775
90800
90825
90850
90875
90900
90925
90950
90975
91000
91025
91050
91075
91100
91125
91150
91175
91200
91225
91250
91275
91300
91325
91350
91375
91400
91425
91450
91475
91500
91525
91550
91575
91600
91625
91650
91675
91700
91725
91750
91775
91800
91825
91850
91875
91900
91925
91950
91975
92000
92025
92050
92075
92100
92125
92150
92175
92200
92225
92250
92275
92300
92325
92350
92375
92400
92425
92450
92475
92500
92525
92550
92575
92600
92625
92650
92675
92700
92725
92750
92775
92800
92825
92850
92875
92900
92925
92950
92975
93000
93025
93050
93075
93100
93125
93150
93175
93200
93225
93250
93275
93300
93325
93350
93375
93400
93425
93450
93475
93500
93525
93550
93575
93600
93625
93650
93675
93700
93725
93750
93775
93800
93825
93850
93875
93900
93925
93950
93975
94000
94025
94050
94075
94100
94125
94150
94175
94200
94225
94250
94275
94300
94325
94350
94375
94400
94425
94450
94475
94500
94525
94550
94575
94600
94625
94650
94675
94700
94725
94750
94775
94800
94825
94850
94875
94900
94925
94950
94975
95000
95025
95050
95075
95100
95125
95150
95175
95200
95225
95250
95275
95300
95325
95350
95375
95400
95425
95450
95475
95500
95525
95550
95575
95600
95625
95650
95675
95700
95725
95750
95775
95800
95825
95850
95875
95900
95925
95950
95975
96000
96025
96050
96075
96100
96125
96150
96175
96200
96225
96250
96275
96300
96325
96350
96375
96400
96425
96450
96475
96500
96525
96550
96575
96600
96625
96650
96675
96700
96725
96750
96775
96800
96825
96850
96875
96900
96925
96950
96975
97000
97025
97050
97075
97100
97125
97150
97175
97200
97225
97250
97275
97300
97325
97350
97375
97400
97425
97450
97475
97500
97525
97550
97575
97600
97625
97650
97675
97700
97725
97750
97775
97800
97825
97850
97875
97900
97925
97950
97975
98000
98025
98050
98075
98100
98125
98150
98175
98200
98225
98250
98275
98300
98325
98350
98375
98400
98425
98450
98475
98500
98525
98550
98575
98600
98625
98650
98675
98700
98725
98750
98775
98800
98825
98850
98875
98900
98925
98950
98975
99000
99025
99050
99075
99100
99125
99150
99175
99200
99225
99250
99275
99300
99325
99350
99375
99400
99425
99450
99475
99500
99525
99550
99575
99600
99625
99650
99675
99700
99725
99750
99775
99800
99825
99850
99875
99900
99925
99950
99975
9999999